139 225
0 CCHP 834 636
1 HUMP 478 624
2 WATR 540 128
3 FSDI 506 485
4 HAPG 875 639
5 ARSAGAS 586 141
6 SINF 375 531
7 ARMY 979 89
8 DUNC 1010 707
9 ARKU 355 234
10 MEMH 940 101
11 AGRI 757 130
12 AGRX 743 76
13 CORD 931 111
14 RCED 671 797
15 GEAR 880 383
16 CHPN 922 500
17 GRAD 1055 101
18 PDTF 382 611
19 NANO 1118 508
20 YOCM 477 713
21 HAPI 802 737
22 CENA 829 781
23 GREG 474 485
24 AOPS 1132 15
25 SUST 723 604
26 BUS 577 35
27 HPER 192 689
28 POST 443 185
29 FNAR 475 357
30 GLAD 388 665
31 PEAH 981 98
32 SDPG 399 357
33 JBAR 187 499
34 SDPG 360 361
35 COGT 665 400
36 Bus 1069 48
37 OTHS 828 819
38 KASF 1195 512
39 FSFC 99 551
40 KIMP 621 489
41 HUNT 439 76
42 BELL 951 501
43 CORD 872 148
44 PHYS 865 498
45 ROSE 627 58
46 MULN 706 235
47 LCAF 394 732
48 RSWE 12 278
49 ADMN 334 73
50 GRAD 1057 156
51 GIBX 581 438
52 MEEG 765 493
53 MUSC 644 344
54 CHBC 710 389
55 PTSC 793 109
56 IDPA 186 621
57 COGT 668 463
58 WTRT 801 636
59 CARN 1131 89
60 HOEC 635 128
61 FBAC 140 152
62 HEAT 817 495
63 RSEA 267 288
64 MSPG 185 769
65 BUCH 405 756
66 ARKU 474 279
67 BLCA 293 615
68 BELL 947 501
69 DUNF 1010 764
70 SWCP 297 702
71 WALK 800 234
72 UNST 477 336
73 DUNA 977 645
74 BLCA 218 621
75 BAND 472 401
76 DUND 984 792
77 CUPS 835 583
78 GIBS 520 486
79 SAEF 422 795
80 CHEM 756 310
81 MEMH 880 84
82 HILL 721 492
83 FERR 866 432
84 CHPN 954 565
85 WCOB 572 717
86 MAIN 877 233
87 LSAD 592 72
88 WJWH 744 648
89 GLAD 432 657
90 ENGR 1011 504
91 DISC 806 380
92 SCEN 866 469
93 WAHR 359 394
94 CORD 949 144
95 FPAC 426 136
96 JBHT 667 492
97 DUNB 980 693
98 Bus2 939 15
99 FNDR 576 563
100 LMK100 292 559
101 LMK101 287 420
102 LMK102 823 114
103 LMK103 24 151
104 LMK104 176 566
105 LMK105 1022 88
106 LMK106 1025 44
107 LMK107 941 43
108 LMK108 471 425
109 LMK109 437 431
110 LMK110 410 439
111 LMK111 367 462
112 LMK112 755 100
113 LMK113 659 119
114 LMK114 358 291
115 LMK115 442 687
116 LMK116 454 624
117 LMK117 981 145
118 LMK118 980 167
119 LMK119 255 151
120 LMK120 262 21
121 LMK121 168 542
122 LMK122 166 503
123 LMK123 11 444
124 LMK124 50 430
125 LMK125 81 447
126 LMK126 167 456
127 LMK127 208 430
128 LMK128 479 756
129 LMK129 569 759
130 LMK130 188 644
131 LMK131 217 644
132 LMK132 190 669
133 LMK133 217 668
134 LMK134 1080 102
135 LMK135 1086 71
136 LMK136 1130 35
137 LMK137 704 115
138 LMK138 144 22
93 34
67 70
42 16
8 69
7 17
100 101
71 86
84 73
11 102
102 81
92 44
7 10
27 56
3 51
32 29
29 72
75 72
72 66
37 21
57 96
11 60
45 60
60 55
55 43
32 29
29 75
42 84
72 29
87 2
49 95
95 2
4 88
29 75
35 54
61 103
80 91
5 43
43 50
20 79
43 71
104 100
82 52
11 55
7 105
105 106
106 107
107 98
22 14
99 85
76 69
34 9
75 108
108 109
109 110
110 111
111 93
35 91
111 6
66 72
82 96
98 36
21 22
80 71
77 0
41 95
90 19
62 44
64 27
112 11
11 113
55 81
71 15
112 11
23 3
36 17
88 22
10 7
47 65
55 60
18 30
62 52
9 63
26 87
56 74
11 60
60 45
5 87
53 80
37 22
88 21
93 114
114 9
86 15
89 115
115 116
116 1
28 95
94 117
117 118
118 50
14 22
2 5
41 2
119 120
19 38
61 119
75 72
82 25
7 17
1 20
93 111
111 110
110 109
109 108
108 29
8 76
55 60
60 45
45 60
60 11
11 102
102 43
33 39
39 121
121 122
29 66
29 32
44 16
51 99
54 53
36 24
97 69
48 123
123 124
124 125
125 126
126 127
127 101
101 63
6 18
10 94
73 8
54 80
97 8
18 23
42 90
25 58
14 37
97 76
20 128
128 129
129 85
73 69
119 63
28 9
56 130
130 131
131 74
35 53
86 80
83 92
22 88
54 91
56 132
132 133
133 74
24 36
36 17
45 60
36 106
106 105
105 7
21 37
45 60
60 55
55 10
80 46
73 97
17 134
134 135
135 59
98 136
136 24
12 137
137 60
60 45
11 102
102 43
15 83
46 71
33 56
45 60
60 12
100 67
55 43
11 112
55 11
11 55
80 15
88 37
59 24
46 53
22 37
0 58
45 60
60 55
73 4
49 41
93 111
111 110
110 109
109 108
108 29
30 47
88 4
79 65
138 61
40 78
73 76
91 15
37 14
40 96
41 87
11 102
102 81
